285446
133827
429040
122317
126628
206929
118023
901038
165436
134829
135730
989987
117930
680452
731140
463040
171330
475855
146836
634748
485757
459453
187143
211114
128935
227533
654350
583858
280941
111413
196346
111716
187850
214019
155938
297655
870861
199150
212015
589567
194746
469961
833148
356948
387959
103414
106016
576255
820745
917558
115724
191235
309636
541640
176441
158136
137936
100206
486759
729557
156334
186545
298051
449753
861456
186141
173738
167440
200311
132017
581349
694362
152427
202719
419239
579665
188145
555651
165941
200008
212419
530635
467351
120717
200513
189349
191437
769064
598568
993675
656657
207123
148941
176542
594156
923755
257542
182436
281135
239944
792564
901442
456346
122620
166438
992673
191033
845458
168240
182739
122822
146533
196144
686969
177645
552241
105923
448347
136227
728454
175035
299154
185442
112516
135629
194443
518746
200109
559053
727553
633847
303624
148436
214726
131217
392750
888678
453441
136732
202820
318637
406836
910241
164636
129028
186444
162228
136631
153227
586460
177140
837964
185139
123824
280739
394956
378857
305830
180230
178243
833249
195041
174437
553344
654552
826454
585862
424939
149236
151627
557857
662551
169747
698168
917255
958976
124422
124826
566454
149337
751550
709551
199453
599671
185846
715041
628248
117122
214524
826353
130619
101309
139435
118124
111312
154229
201515
159239
180735
984472
965771
761957
129331
379657
125222
587664
119732
715950
524135
436845
154431
125525
361941
153025
339847
841349
749058
162935
194140
175540
849971
139233
214423
571144
872562
329440
837560
461743
180432
156031
500222
368753
200614
214625
690152
481951
100610
303119
683256
536647
233326
156435
127731
677968
415837
192035
757764
350330
561444
742549
134728
239136
204218
579867
172332
221319
802844
779370
257845
120414
148840
307127
155635
219231
135528
479762
193239
665254
902242
365343
115320
129129
113619
930449
865363
127933
124624
202113
828862
115219
912447
102311
792867
580044
896879
102715
952863
397760
156536
385450
208327
386250
108323
204319
907656
401422
212217
664757
198653
123925
887373
245333
130922
570243
283543
692964
734045
679568
180836
671855
268850
150625
105620
143830
727654
942658
106521
744553
685058
129634
145632
208226
146937
198350
136833
274542
165032
123117
660951
445543
792766
114217
150423
100408
519647
882161
644246
149741
615744
144933
149539
782561
506234
101107
395958
159744
136126
818859
144832
959574
194645
153429
300719
135225
142828
130417
529953
127226
114318
140420
346137
385046
191336
978578
165840
353740
185341
146331
672756
121618
559457
151324
128127
168341
647858
130013
773257
212318
151223
130114
120212
729254
555954
567052
545345
751348
793465
185038
111514
788876
599065
102816
695768
138837
110411
191841
173435
107725
816653
251833
926862
210112
187345
316835
626648
158843
391748
725751
178647
181232
393550
123723
601127
168139
127630
113922
481042
196952
169545
102008
131419
286650
468050
237334
118932
137128
856968
971160
412528
611938
205119
105014
177241
127832
348545
135932
818455
210011
134021
366042
192540
121416
638049
108020
169949
147636
687163
211417
788674
548250
286347
106319
178142
154936
901139
495255
885975
130316
748258
191942
164131
966975
368551
211215
131924
275645
572045
173839
812746
693764
175338
158035
293748
173334
255740
732243
192136
238033
131722
844961
111009
208125
178748
145834
825654
117324
395251
126426
168947
707749
133928
529549
211316
705341
287248
220721
635245
320826
898176
208630
146432
108525
178849
214221
141119
173637
894774
176845
164939
151829
130720
104820
580347
770352
397154
513736
358144
128632
102109
996782
208024
170631
107018
520228
134223
203923
173536
390645
137229
201818
558657
204622
573249
182840
166640
433839
300618
737960
197550
856766
213421
763557
103515
994273
561949
116524
106824
130821
969476
162026
680957
759869
376247
580650
138231
558960
871964
932554
162733
175237
103212
145127
832651
336841
163836
172938
510225
158540
112314
905147
107422
114621
657659
201111
197348
896778
209935
704238
330324
561242
951457
771354
325129
110007
497865
192641
616645
212823
123420
547046
108828
206525
128026
590047
207426
814548
148032
857263
525541
151425
206323
317332
204016
878776
617748
154734
827052
119025
803240
104012
983773
962058
131823
249947
152225
604537
171633
613538
169040
139839
531940
104416
987074
180533
137633
213017
118225
198855
679770
943862
767464
789373
140925
700634
588565
172130
148335
172433
209228
869472
101915
957974
723141
304020
213522
522434
148133
108121
146129
160123
112112
911849
193845
195950
908860
160729
248339
872764
654754
137532
713239
377451
165638
257946
135124
179245
198451
157942
580751
599469
189450
204521
987983
108222
205826
133019
149842
168745
454140
101006
702133
144428
120515
153126
186848
814649
146735
899885
880157
198047
147737
205725
199958
121921
185947
150726
567961
513130
555348
422632
116726
334635
510326
164030
783462
133625
173940
206727
175742
970764
159441
144125
421226
620434
891667
175136
378756
143224
189652
141826
765056
531536
784565
523032
112920
224022
228434
138130
623844
667056
199655
195849
304727
167238
720337
645551
815247
158338
867468
109123
859671
199352
157336
159340
886674
622236
176744
217429
134324
406432
333330
395756
270332
298455
118528
835657
114419
380036
432332
397861
159138
186040
178950
195647
134425
117021
285345
341834
810843
541943
314225
167743
389357
154835
188347
937160
342129
181131
209127
436239
115017
910443
211821
176037
111211
352738
192843
361234
152831
162329
289555
381543
154532
138534
675661
592455
645450
567759
668361
210415
512835
231928
597869
100307
873968
107321
871762
843151
212116
198249
346945
118831
109325
140117
167036
172029
174841
627852
188448
159946
663755
349244
413934
141422
441939
268749
992774
192237
360030
127327
118730
299760
889579
573451
138332
211720
151930
749361
540436
904044
209329
329844
516742
161731
188751
102614
308331
322224
195445
163432
105115
371843
246133
204420
157437
849264
187547
933253
774663
177746
119833
990366
161630
724446
137027
154330
955465
517239
894673
125424
139637
217126
255639
878877
618952
126325
113215
114823
677766
263436
180129
156637
150928
201414
552544
156233
105216
310621
110613
103111
627549
115825
877269
919966
169444
965367
585256
211619
872158
153631
735148
499566
562446
113316
809252
290136
188549
922854
581450
120111
190031
765864
211922
308129
192439
884064
825048
825553
565452
673455
143325
256540
381038
153934
316633
519950
102513
183034
715647
210617
180937
172534
206828
203418
852455
979984
656253
894067
414229
103818
250932
194847
321323
753251
163129
753150
756055
680250
179346
196750
991267
568963
800941
927359
227432
