181131
245333
106824
187547
211821
158136
139233
744553
135629
665254
348545
100206
833148
300618
143830
415837
164030
735148
872764
185038
131419
126325
173637
176441
136126
589567
173738
664757
113316
594156
126426
675661
753150
571144
178647
325129
127933
257946
192439
657659
832651
154229
186444
196346
208226
145632
907656
366042
173435
885975
124826
965771
413934
103818
541640
151627
495255
693764
387959
888678
207123
204319
165941
310621
346945
987983
873968
305830
380036
456346
679770
211215
128127
635245
274542
129634
145834
634748
106521
588565
250932
139637
285345
131722
479762
687163
199352
174437
990366
882161
158843
120212
171330
197550
191336
725751
126628
878877
522434
270332
157942
300719
461743
194443
316835
210112
910241
729254
680452
213522
828862
101309
187143
371843
475855
127731
275645
552241
112516
112920
767464
419239
182840
580650
638049
377451
583858
536647
861456
391748
757764
128632
122620
694362
570243
901038
200513
137532
192641
926862
656253
153934
992774
160729
991267
852455
194140
153429
567052
902242
286347
163432
573249
844961
679568
139435
130417
816653
709551
774663
361234
751348
137229
164636
195647
580347
200311
662551
728454
194746
867468
159744
200614
200109
138130
702133
214019
381038
531536
167743
467351
436239
559053
118023
214625
131823
114823
620434
257845
185846
130720
204016
911849
128026
194645
100610
784565
129028
117930
114217
611938
102513
930449
827052
174841
983773
102816
118932
287248
499566
389357
200008
970764
120111
186141
192035
110411
134021
590047
195849
162329
202719
660951
118124
212823
177746
912447
123925
905147
191235
127832
580044
175540
172130
424939
820745
765056
134425
573451
599671
179245
732243
680957
156435
268850
153227
857263
395251
154936
120414
106319
138332
742549
414229
148335
837560
955465
107321
385450
395756
132017
149539
204521
298455
139839
555954
127226
198047
519647
115724
154835
100408
188347
987074
749058
154532
381543
149236
154431
336841
101107
307127
168745
138837
979984
238033
579665
966975
500222
137936
147737
133928
358144
130013
115825
146533
353740
195445
210617
286650
173940
401422
150625
770352
125424
565452
156233
130922
176542
654754
133019
783462
996782
156031
133625
123824
654350
561242
856766
971160
204622
700634
113215
800941
705341
103111
145127
111514
180735
108323
825654
211922
994273
623844
304727
815247
167238
849264
734045
188448
127630
481042
176037
130316
115017
497865
177645
102109
134829
248339
486759
209935
121921
141422
871964
208024
613538
788674
105620
187345
130619
211619
138534
249947
201414
136631
204420
125222
212015
108525
814548
151930
322224
727654
793465
246133
107018
188145
162228
567961
510225
293748
133827
896778
201111
173334
587664
341834
135528
959574
579867
181232
213421
525541
185442
165840
376247
180533
212116
201515
647858
135124
958976
112112
188549
149741
299154
119025
826353
129331
904044
737960
136227
361941
645450
321323
715041
150726
110613
189349
146836
239136
884064
186848
173536
156536
134223
723141
942658
360030
196144
134728
299760
513736
568963
809252
558960
933253
131217
102311
519950
365343
131924
176845
162733
148941
318637
178243
107725
529549
136833
685058
214423
180836
159239
513130
142828
392750
213017
715647
303119
572045
192843
789373
175136
448347
178142
105216
599469
208630
871762
138231
769064
104012
193845
567759
627852
153631
151829
616645
771354
150928
445543
219231
107422
134324
826454
192540
170631
118528
205725
162935
368753
320826
690152
180937
191942
765864
908860
214726
580751
144428
561949
835657
524135
220721
943862
172029
429040
185341
103414
149337
845458
172534
180432
672756
167036
113922
585862
108222
117021
212318
208327
901442
257542
720337
566454
597869
111413
540436
203418
617748
289555
127327
555651
111009
228434
130821
239944
520228
152427
872158
663755
156334
227533
214524
889579
618952
161731
841349
122317
548250
105014
761957
870861
135225
330324
157437
530635
178748
615744
177140
146331
545345
105115
759869
191841
143325
290136
120515
210415
810843
957974
773257
803240
146735
178950
153025
179346
255639
878776
101915
965367
731140
393550
297655
529953
152831
109325
149842
169040
113619
923755
204218
206828
917255
169444
329844
886674
656657
143224
749361
510326
173839
349244
137633
189652
210011
165638
581450
604537
199453
217429
763557
110007
224022
135730
154734
176744
101006
715950
148840
124422
158338
195950
825048
151425
989987
209228
152225
221319
211417
125525
194847
155635
558657
118730
441939
172938
792564
135932
182739
231928
185947
978578
168341
148436
557857
622236
899885
185139
512835
148032
199655
147636
692964
792766
114318
308129
314225
144125
626648
671855
211316
206525
394956
175338
729557
654552
825553
166438
877269
111211
872562
211114
165032
168139
896879
186545
304020
137027
547046
436845
531940
356948
385046
120717
849971
116726
516742
559457
541943
167440
195041
189450
206323
137128
118831
368551
449753
818455
628248
406836
175742
523032
162026
198350
952863
454140
192237
251833
561444
117324
922854
281135
186040
112314
469961
203923
485757
158035
171633
378857
518746
161630
144933
724446
673455
263436
592455
316633
727553
100307
887373
108020
285446
209329
459453
121618
111312
146432
175237
178849
183034
756055
198451
168947
463040
552544
146937
562446
352738
993675
201818
481951
130114
121416
386250
898176
683256
144832
280941
157336
627549
910443
255740
432332
598568
169949
198855
102715
397760
422632
205826
172433
105923
506234
329440
217126
165436
865363
196750
951457
187850
122822
992673
169545
140117
160123
962058
599065
917558
128935
146129
303624
339847
891667
748258
129129
114419
117122
814649
350330
191033
164939
155938
212419
645551
163129
106016
406432
111716
103212
753251
118225
177241
969476
707749
280739
159340
880157
586460
667056
114621
379657
198653
927359
704238
123117
199958
901139
283543
397154
202113
668361
812746
148133
342129
517239
159441
412528
601127
102614
193239
859671
268749
192136
180230
237334
214221
984472
782561
553344
104416
333330
205119
421226
894673
172332
894067
894774
818859
190031
208125
677766
932554
309636
